1000
-2321.96447521
2815.66044021
4128.70516122
2811.88565478
1529.4573753
-3129.19208239
-453.651715901
3011.93769578
2274.81477448
3356.42920624
-965.882856299
2050.94045356
2721.80176313
2079.85963512
-4558.79060675
646.820401563
538.866897339
3516.19552959
4327.35584344
3651.62152559
2185.9769499
-669.200712979
-514.86893747
138.875905558
-968.335401592
1792.40610675
-4191.34978051
1513.06363053
-1320.14115568
1423.33891812
1792.02899462
-2176.12581927
-2129.34425716
-348.475518236
-1195.70907959
858.771753573
-1474.16933954
3239.80845026
-321.999210131
-5303.75460207
-64.0060823605
-985.497277539
1539.49299228
4937.46571445
-2251.06952435
-1916.22570738
898.670436123
-249.03781778
-855.359908655
2342.65907788
496.847652822
-1702.06055767
-502.900529817
-1021.77273114
861.977081879
-3800.47179578
-1943.50576724
801.139348509
-3091.73719674
-1753.33244741
-910.702352499
2239.76558939
-4716.50089303
-958.363102813
-2680.86726923
-2820.04582008
-2778.34128328
381.533368395
-97.80019042
2609.67776694
-333.166338668
-4061.71036019
1415.68938919
-2662.9812857
-4194.08960377
-2154.49506884
-1419.80515564
410.663265882
-2038.34930253
860.062576118
1606.14040679
-4083.60962433
-870.390172768
-3220.57432595
-1879.30221603
4293.62816544
-35.7939045971
4210.59527164
-496.150315349
-2427.45929755
-3406.38429468
883.404233821
-1354.98135804
1416.12960574
2159.61700395
1366.80844454
-311.115255179
2038.15740415
599.760437358
-1045.22877673
-973.111053709
-2858.21436621
-2754.67641187
842.986187261
-3279.77224742
971.45594869
-1295.77470194
703.234830196
-3353.40183083
1594.51766394
2068.50091451
267.12969249
564.621854253
3174.99428288
-2113.13692929
129.000880983
-1476.33504601
-4197.4286428
3309.28529676
-810.993752089
1163.00706458
1247.26131706
448.902079645
1184.35841115
-4111.22528895
-122.813191793
-637.871244971
-1367.7851101
2564.65235617
-990.768542632
-1717.64463085
-199.77960471
107.705572664
199.90197709
-2645.74392162
3000.24768594
-428.335070975
2393.23205476
1382.71319793
2750.16934549
2685.75465079
-347.529314379
-2307.77175461
1554.77152912
-809.751421245
-1970.36359225
-2162.39090107
2585.29537547
-2242.43865399
-389.280709977
-1848.05362702
-1639.19922994
33.4496851036
-763.327766339
8274.55588519
99.9212891058
310.822816522
790.977019137
241.553425851
2694.46910625
-997.100452383
1282.49631073
-2380.69344004
-1987.6553122
3126.60735548
-2545.91465697
5241.66455864
-1054.52117882
2817.09033389
1259.4923116
-3049.83697528
-2176.92733026
-1658.26836731
1276.32911525
103.121707084
-1603.58485865
1708.03609008
2593.13345366
1339.53377955
-3327.2953833
-89.1964025573
1750.0448187
-2202.66631591
1676.68118654
1477.40083219
-3396.72529357
-4353.44378165
-419.62061115
899.077596894
-3040.63806308
2196.08352712
1277.42041521
-486.898519917
1438.86074837
-772.815184834
845.676160261
421.783270412
1387.64489016
-1386.57129316
-3713.50610962
-89.9718322749
-1389.91327918
2951.21112259
2616.97817245
2728.22717577
-1603.75173775
-1323.208894
826.690004116
2381.09235022
468.163522628
-3699.79700085
2007.26074211
2665.36115634
4458.87679354
-2989.08175835
-641.492401317
-3466.84662953
-907.708596673
-1350.02465676
2907.32982297
-858.111613564
-1297.46711143
-1226.64134941
3587.63948236
163.626245332
-337.979578842
938.600319669
-5167.39467918
-2465.09839931
395.536977787
-2941.04358237
-722.595168482
-2316.30036972
702.120503565
2749.87057507
-3562.83855228
1340.078949
-932.334902201
1423.05396086
-1353.2990592
178.29689608
980.593460236
1922.57931339
-958.519693583
1821.3106059
-2292.15009442
-4971.12989208
-3502.93863831
727.412987035
-1494.00163047
2924.31131721
-1189.05477112
-2193.85381307
2240.20655811
-3496.11649927
2511.37852287
481.523226635
-1448.73376085
3206.51349101
2615.76148421
1716.13849026
-2712.60058999
124.107735549
-346.616142221
1441.10388635
-5557.32670042
-2157.74670064
2590.68773715
-5927.86742245
1291.21526639
-1025.40090935
680.784699579
-909.153030053
-469.725510088
-344.732597947
2898.30373486
-1710.18135013
-151.005531329
-1740.75692241
2160.83810377
2492.69281767
-359.124985199
3195.35764069
244.121021357
1695.54416369
-425.797290402
4612.46299674
2015.24838829
78.0491801559
-11.5670534963
-3393.05917436
-2988.74349473
-138.267937993
-1328.22027494
-1027.05883438
412.721463908
-1177.58310725
-958.904367288
68.8696289443
-1730.7363793
805.248259586
-2155.86479525
-586.519273073
2187.00339902
680.624226575
-1403.94908399
-1597.44279662
1794.20310777
-4078.93781928
2392.07700348
-2709.06732685
-2174.36076817
-149.235800328
-1004.04841446
4050.29159248
3373.21433169
1014.0397731
358.894848462
123.989000396
1838.91460394
-1025.55412677
-569.016299281
-433.822574701
-2108.71836808
-2963.45603508
827.972157509
-1493.84265081
-724.106549424
-1079.93799172
-3454.22237536
-3996.73436976
427.602531398
842.422777146
-5644.22742662
824.725862742
-2198.38976281
-965.158807955
1451.72103388
-690.966966718
-1440.59360937
-2720.25409199
1809.3138218
356.681879675
-2626.72787018
-997.786112325
-1705.97830913
-1333.43717688
-1374.61926675
-996.495383144
-2440.48160412
-2093.95950605
2466.61945423
-3936.07525983
6043.64795107
26.0465632746
-12.6642653587
1590.593376
565.382698634
1686.28801157
-1740.08412487
2268.78473639
1291.36401974
453.221804608
2618.40271263
125.698962613
4.33913697582
1853.96943365
-303.064378585
4047.17605305
1951.75484705
178.29064267
1655.31353067
1159.14081187
-2123.69210375
-119.762265753
1791.08108114
2057.67105955
37.6270968094
-2924.11227975
-1495.10849476
-1196.44714712
2311.54725938
2207.20133678
3939.88353585
-1951.26428503
3219.05333647
665.185973898
782.298504798
3470.93211764
1852.832232
-905.366607116
412.529360758
-912.853019402
199.374398797
-927.277515787
5609.43756057
37.7549755167
-288.126639815
3475.14294069
-3430.23029308
1509.55552954
-1295.71164745
-639.80456988
2467.62707886
-1385.14417038
-1330.69776135
3743.75930461
-366.064585199
1930.45738133
-1938.95745469
-3488.26135779
2538.11324249
-2425.92199726
-2453.66912081
1467.72328174
112.156521765
5563.99460161
628.590871588
5037.73805768
-952.390070356
864.054282331
2113.23405652
-2811.3591355
-3074.69842805
-533.652259996
1030.03037733
1732.41889119
-1112.4389364
-353.577272557
-1023.56399933
-2719.78192895
-1568.38997751
-1066.59804803
1551.56563829
-1016.0687075
-2279.53539131
-841.222469057
-1953.64668993
-3267.81664485
-610.617152842
1405.9433386
30.7798447609
57.3727792746
-834.936232905
-1986.1102447
5961.86919972
1015.25018602
-3539.23369924
-1976.80020115
821.154876544
-3227.15045184
-389.439229865
534.907664951
1417.56578287
3080.49489105
-4041.59859634
-513.944891939
1499.29603525
39.2881122552
2045.2350307
-637.711417821
-69.1364435945
-3368.78902149
1702.61331196
299.984308995
1907.35676508
-935.499880649
-702.735772979
2295.52949872
3314.89750102
3313.52918009
2602.52931024
60.8013661723
-1858.71989875
677.140831151
1429.13778015
-316.956922059
2215.45784411
-641.615748448
-3100.63435477
280.302525353
3987.82673855
-5650.01315601
716.682143128
-1131.96821059
-2084.2102615
-1412.95537248
338.161819965
3423.52496724
-779.370122487
-1771.46316914
76.5863580697
-1760.74624636
-18.3219436295
-1204.77747578
3095.67960788
-3596.10770673
114.075858614
-3954.66514556
4369.60336219
2058.65081872
-4849.22397161
141.541452263
260.087505087
327.355321741
891.89586517
3448.85475013
2540.16960782
853.60203089
466.090792213
2996.35888217
1158.87466591
4614.00922199
2336.83914366
3056.16399142
-4460.37012211
-853.467840017
-1027.78476738
1180.42224195
-2205.44271834
-3469.03222098
-383.318722344
-2286.06110291
237.098958524
338.385638845
1326.12988701
1284.73311007
-299.94735758
217.954353568
496.358339305
1399.79611602
4554.08443086
-1800.0156443
670.448769001
2905.46707794
784.958300481
499.160856916
3581.5817617
-4397.22315799
-1674.20371918
-3380.07564425
-1771.39327849
-2916.46176493
-53.3861610146
1318.32636791
-464.528774603
1482.6676682
282.205056983
-3475.43344809
-465.056163246
1111.43062978
-739.826164315
-2404.81359325
-4531.21259961
2579.64241947
-403.255742692
2565.40048991
604.532997474
-1267.99793864
1930.197394
-1582.48224279
-984.323457016
-1589.93121885
436.028641226
59.1455525799
2050.79462405
-1167.42658934
-2331.55323726
2240.53563765
800.731996834
3715.36778142
1149.51784633
1026.10795861
-1046.9419306
-351.041867189
-84.4108852357
3511.75923116
5643.48613561
31.9127489766
-2158.62457893
-160.415256505
2412.80206009
2851.44978857
5512.75327845
354.382447071
-1756.86294762
-2314.34254166
520.666723652
-3515.72734409
572.761344358
4196.81088375
546.67833034
-1205.52469763
415.273145545
4478.32978487
-1190.3748285
1771.84937756
-185.285254603
726.847665981
-3895.30665645
-382.914771385
1912.64527229
1807.88208015
-1319.70847116
-737.776017638
-1237.58920035
3986.1711993
1601.60771442
1290.66938301
2743.60624406
-2030.80177191
-242.786355056
-2799.93700838
196.763962649
-3258.10681045
321.878713696
3930.63683379
188.638193777
-2217.25562463
1922.37289128
237.636194203
-600.375334606
878.192968718
3171.77223575
2858.62808495
-1272.40304602
-580.463954831
2149.23642281
-526.152459313
-1316.42840375
800.007432084
1582.77276605
-4458.00863165
163.922102465
1250.01746404
5461.86313847
-1661.73246714
988.501871182
180.527111616
451.035932334
2218.00058779
1483.99528262
-148.467164826
489.882918247
2175.64771014
2368.05114526
-1127.75879165
2147.44303262
-3828.97133172
1759.73007199
1331.73438327
-2694.73488899
927.193820586
1148.73533892
1150.68856522
704.102777069
2914.44798338
6284.43213017
-2174.7558415
42.2300886954
-2291.06953904
-1162.65696509
1471.64967905
3311.00338334
-1276.26926232
2182.55291027
2454.46599119
-968.131521331
1707.41484769
-4891.08770618
2479.62625448
908.606744133
-2046.52501075
-381.933204154
-3423.15234444
-2454.37505291
-2701.05042541
551.579651819
-307.360744624
-1780.46510205
-3871.58789852
1502.57088339
5087.28576672
-1374.16740649
228.342264811
3193.18658251
1718.26436337
692.40560019
-717.091759119
-1204.65430904
-5763.19475366
5158.93789294
-1100.58467004
-2359.98075173
-3092.60967196
2928.2198285
-3616.55951065
2143.33969061
-2793.98523447
1801.71522375
236.086756048
-5303.80823686
3526.92552371
1522.59000602
2386.69029341
966.077863786
-1946.01341747
-272.139297927
1937.95570793
770.659932438
-4934.7958195
1001.081653
-1015.78057708
-1426.98041896
271.905124234
397.406038115
704.573439574
326.631632728
2141.85743195
-503.004361952
-1638.54597719
-528.975657728
-2935.14881388
3541.82789427
3633.76135681
-938.154691044
-1315.28047387
-2796.68145413
1326.95687519
1909.67124433
-1120.03052277
-1363.3210074
1606.6210703
-5855.52362754
810.440241776
4997.51633153
-1646.13325924
-1217.47819027
-4063.99383935
-2696.21545104
404.643270922
4154.41356057
1678.04828008
2474.48928486
1397.81517919
-3422.45721684
-2413.60624439
-293.796318668
-1170.98559266
-1809.42060349
-3348.24064077
4633.88601485
-689.215039716
-518.411577486
2941.64056093
-3102.27012077
-475.574059146
-2357.42672527
4099.52748223
1006.52644423
-1424.55989247
-107.953022136
-726.413918948
2158.43259029
1925.74019275
-3569.81087615
1770.70644645
55.2509880606
1652.65714038
1851.9769337
-1561.40013506
-3355.63246033
-2326.80545522
-1401.28370415
1477.47738179
1571.24864331
1488.20723025
-262.407878227
-6753.22543476
-3479.51925367
397.680547171
4254.04366184
-1033.69262679
2397.78584389
-939.226632823
-688.004291263
3453.83284547
756.730369337
1700.81523962
-2393.39750248
1848.6456137
-224.394984636
-3201.43408386
-1551.50951932
1991.54949658
1524.8634109
-1320.28074582
977.304979788
-1588.31172381
-55.4023860278
-550.644156119
628.241162664
-410.157225188
3557.37407662
952.762659215
-1984.72622946
2346.11599609
-608.741188282
-5650.44480249
530.636037923
2573.10446284
2763.21026349
-374.52718411
-918.947080336
-3041.17784634
-4417.93106298
2436.89688507
1281.7190417
-300.57523623
1719.07757533
-2753.07233819
1876.12005499
-2120.84055632
-680.732633033
3886.6815217
-1488.58084083
-731.323778643
-3763.04828898
-1423.6218694
-1247.04170936
-1039.00463025
615.446621259
-794.996632888
379.020597406
1490.43001724
-1485.77754387
1863.52161751
-1355.82608205
-2699.61425748
-5092.11285488
-2498.16796721
3294.42034067
1798.12640339
-1438.20318172
-760.017105248
1684.44546266
3015.07062796
-65.4618344017
1353.12072261
4107.75310881
-1420.55426813
2541.82858587
444.301868643
-1169.48522398
1840.74184767
1110.55951079
2145.85057052
238.000825835
-3289.37104704
-604.187178672
-2894.24855909
-835.451835011
549.457082113
3261.13456771
2329.21012856
768.902250217
-951.652744757
-4784.82417488
-1265.21287766
1206.24961465
295.136747407
-632.025412967
1102.1433266
-1239.17600796
1088.89428531
-2603.78981943
-597.878392204
-244.306696699
498.57874765
-3366.42951231
-3158.37770869
-1790.50861639
-3193.27074236
1219.72301522
558.518144558
-5.31828225223
-1398.29081415
-90.4226215455
-3130.79464906
-1034.16984728
-543.914836014
-4655.57951941
1345.20158544
-2737.56413709
-2877.76649656
4236.39151035
-5599.80354075
153.972067957
1401.31840757
1788.01628332
2116.14131569
-673.853231178
-2500.7747668
2757.29386115
-3874.09486006
-5988.1174434
-1207.85454701
-633.972024111
-1952.44416785
-1472.83138387
-509.654248902
229.728058448
736.867710972
-2741.91480933
-1870.62844563
-1869.45912345
-1363.63943694
-4302.13246304
339.271889132
-955.71451861
-615.093780362
-1316.55669496
829.877496223
2480.01889435
978.075731075
912.49856181
2824.42319745
735.911693954
-1136.7711527
4177.68251633
357.780249459
-3714.54742423
5700.56053387
-3855.18927734
1202.05712593
2592.94527857
-84.5902042131
593.963472403
2582.1369384
2103.20378056
-639.497858929
3892.36509782
-1419.67360357
4537.1443058
-247.360029589
-843.375582211
1102.26773547
1925.54484792
-2185.08481406
-207.316701035
443.670237528
898.350518215
576.413332206
387.815064346
-644.675616312
-458.150217331
1641.75025529
707.947376918
2136.07275899
-2543.87165997
-3856.82280291
1455.38626237
-1022.19914218
-1055.90032114
1932.54607575
-2101.95011235
-3746.06328617
-1755.27284847
-1897.53097244
-1449.58877755
4049.72751852
594.338446033
-1685.1664417
2122.78077856
-1848.87474413
1868.65946014
-606.82913059
697.451765144
1041.48183843
-1018.1798027
-2365.57526624
-1678.45303977
1363.54729021
-2112.08730829
1341.00670388
-2937.04072581
-3612.67494256
27.1643403759
-579.407142481
373.134421704
2718.58815817
95.0295321259
525.681433744
-212.578307346
1204.7898074
489.668089815
1144.74219898
-2568.57585226
882.852711585
-58.8436488491
